Height <- c(180,172,140,210)
Weight <- c(45,65,82,110)
Height_m <- Height/100
BMI <- Weight/(Height_m*Height_m)
BMI